
	X1058_WS_2010-01-01	X388_WS_2008-15-12	X879_WS_2009-21-05	X686_WS_2009-27-03	X1665R1_WS_2014-27-03	X1382_WS_2011-01-02	X139R1_WS_2009-05-01	X1662_WS_2013-02-01	X1650_WS_2012-18-01	X1652_WS_2012-24-02	X1370_WS_2011-20-01	X1668_WS_2013-04-02	X1130_WS_2010-27-02	X1341_WS_2010-12-11	X1131_WS_2010-24-02	X1380_WS_2011-09-02	X1691_WS_2014-12-02	X1692_WS_2014-10-02	X285_WS_2008-21-02	X1647_WS_2012-23-01
X1058_WS_2010-01-01
X388_WS_2008-15-12	3.933
X879_WS_2009-21-05	7.531	6.485
X686_WS_2009-27-03	14.835	13.789	14.219
X1665R1_WS_2014-27-03	19.835	18.789	19.219	5.944
X1382_WS_2011-01-02	33.977	32.93	33.36	33.21	38.21
X139R1_WS_2009-05-01	31.903	30.856	31.286	31.136	36.136	3.343
X1662_WS_2013-02-01	35.895	34.848	35.278	35.127	40.127	13.589	11.515
X1650_WS_2012-18-01	34.938	33.892	34.322	34.171	39.171	12.633	10.559	4.173
X1652_WS_2012-24-02	35.039	33.993	34.423	34.272	39.272	12.734	10.66	5.915	4.958
X1370_WS_2011-20-01	33.944	32.897	33.327	33.177	38.177	11.639	9.565	6.957	6.001	6.102
X1668_WS_2013-04-02	35.985	34.939	35.369	35.218	40.218	13.68	11.606	8.998	8.042	8.143	4.512
X1130_WS_2010-27-02	33.048	32.002	32.432	32.281	37.281	10.743	8.669	6.061	5.105	5.206	2.513	4.554
X1341_WS_2010-12-11	33.755	32.708	33.138	32.988	37.988	11.45	9.376	8.774	7.817	7.919	6.823	8.864	5.927
X1131_WS_2010-24-02	33.04	31.993	32.423	32.273	37.273	10.734	8.66	8.059	7.102	7.204	6.108	8.149	5.212	3.931
X1380_WS_2011-09-02	33.999	32.952	33.382	33.232	38.232	11.693	9.619	9.018	8.061	8.162	7.067	9.108	6.171	4.89	2.194
X1691_WS_2014-12-02	37.007	35.96	36.39	36.24	41.24	14.702	12.628	12.026	11.07	11.171	10.075	12.116	9.179	7.899	6.144	7.103
X1692_WS_2014-10-02	37.001	35.955	36.385	36.234	41.234	14.696	12.622	12.02	11.064	11.165	10.07	12.111	9.174	7.893	6.138	7.097	8.268
X285_WS_2008-21-02	31.031	29.985	30.415	30.264	35.264	8.726	6.652	7.421	6.464	6.565	5.47	7.511	4.574	5.281	4.566	5.525	8.533	8.527
X1647_WS_2012-23-01	46.415	45.369	45.799	45.648	50.648	47.5	45.426	49.418	48.462	48.563	47.467	49.508	46.571	47.278	46.563	47.522	50.53	50.525	44.554
