
	X1151_FR_2010-13-03	X290R1_FR_2009-04-12	X1643_FR_2011-18-11	X288R1_FR_2008-29-04	X1678_FR_2013-19-03	X1407_FR_2011-18-03	X1402_FR_2011-23-02	X1347_FR_2010-26-11	X1671_FR_2012-08-12	X1064_FR_2010-14-01	X1672_FR_2012-31-10	X299_FR_2009-06-03	X296R1_FR_2010-25-03	X1077_FR_2010-28-01	X1552_FR_2011-24-03	X1673_FR_2013-19-03	X298R1_FR_2009-18-03	X297_FR_2008-29-03	X1674_FR_2013-04-01	X1045_FR_2009-15-12	X1120_FR_2010-22-02
X1151_FR_2010-13-03
X290R1_FR_2009-04-12	36.098
X1643_FR_2011-18-11	38.054	34.695
X288R1_FR_2008-29-04	34.499	31.14	17.15
X1678_FR_2013-19-03	39.385	36.026	22.035	16.363
X1407_FR_2011-18-03	45.758	45.486	47.443	43.888	48.774
X1402_FR_2011-23-02	45.695	45.423	47.38	43.825	48.711	31.244
X1347_FR_2010-26-11	45.451	45.18	47.136	43.581	48.467	31	5.986
X1671_FR_2012-08-12	47.484	47.213	49.169	45.615	50.5	33.033	13.144	12.9
X1064_FR_2010-14-01	44.585	44.314	46.27	42.716	47.602	30.134	17.494	17.25	19.283
X1672_FR_2012-31-10	47.38	47.109	49.065	45.511	50.397	32.929	20.289	20.045	22.078	4.01
X299_FR_2009-06-03	43.725	43.454	45.41	41.855	46.741	29.274	16.633	16.389	18.422	1.872	4.667
X296R1_FR_2010-25-03	44.777	44.506	46.462	42.907	47.793	30.326	17.685	17.441	19.475	13.437	16.232	12.576
X1077_FR_2010-28-01	44.623	44.352	46.308	42.754	47.64	30.173	17.532	17.288	19.321	13.283	16.078	12.423	6.709
X1552_FR_2011-24-03	45.774	45.503	47.459	43.905	48.791	31.323	18.683	18.439	20.472	14.434	17.229	13.574	7.86	1.654
X1673_FR_2013-19-03	47.76	47.489	49.445	45.891	50.777	33.31	20.669	20.425	22.458	16.42	19.215	15.56	9.846	4.96	6.11
X298R1_FR_2009-18-03	43.758	43.486	45.443	41.888	46.774	29.307	16.666	16.422	18.455	12.418	15.213	11.557	5.844	3.543	4.694	6.68
X297_FR_2008-29-03	42.79	42.519	44.475	40.921	45.806	28.339	15.698	15.455	17.488	11.45	14.245	10.59	8.644	8.491	9.642	11.628	7.625
X1674_FR_2013-04-01	47.558	47.286	49.243	45.688	50.574	33.107	20.466	20.222	22.255	16.218	19.013	15.357	14.608	14.455	15.606	17.592	13.589	12.622
X1045_FR_2009-15-12	44.503	44.232	46.188	42.634	47.519	30.052	21.644	21.4	23.433	20.534	23.329	19.674	20.726	20.572	21.723	23.709	19.707	18.739	23.507
X1120_FR_2010-22-02	51.087	50.816	52.772	49.218	54.103	52.101	52.038	51.794	53.827	50.928	53.723	50.068	51.12	50.966	52.117	54.103	50.101	49.133	53.901	50.846
